Date	Open	High	Low	Close	Volume	Daily_Return_%	Price_Range	MA_7	MA_20	Next_Close
28/05/26	310.68	312.8	309.57	312.51	48220400		3.23			312.06
29/05/26	311.78	315	309.53	312.06	70026800	-0.143995392	5.47			306.31
01/06/26	309.63	310.94	305.02	306.31	48849900	-1.842594373	5.92			315.2
02/06/26	307.46	315.45	306.69	315.2	44534700	2.902288531	8.76			310.26
03/06/26	314.18	316.94	308.85	310.26	50836700	-1.567258883	8.09			311.23
04/06/26	313.23	313.54	309.65	311.23	44869100	0.312641011	3.89			307.34
05/06/26	312.86	315.17	307.15	307.34	65310500	-1.24987951	8.02	310.7014286		301.54
08/06/26	308.74	317.4	301.17	301.54	77949100	-1.887160799	16.23	309.1342857		290.55
09/06/26	300.28	300.75	287.78	290.55	70108800	-3.644624262	12.97	306.0614286		291.58
10/06/26	290.74	294.75	287.38	291.58	52793300	0.354500086	7.37	303.9571429		295.63
11/06/26	293.72	297	289.59	295.63	42572500	1.388984155	7.41	301.1614286		291.13
12/06/26	296.03	297.14	289.62	291.13	38742100	-1.522172987	7.52	298.4285714		296.42
15/06/26	294.12	297.78	291.7	296.42	45732600	1.817057672	6.08	296.3128571		299.24
16/06/26	295.25	300.48	293.97	299.24	39874400	0.95135281	6.51	295.1557143		295.95
17/06/26	300.85	302.07	294.36	295.95	42745100	-1.099451945	7.71	294.3571429		298.01
18/06/26	298.11	300.57	295.62	298.01	85962200	0.696063524	4.95	295.4228571		297.01
22/06/26	297.31	302.42	296.76	297.01	44879900	-0.335559209	5.66	296.1985714		294.3
23/06/26	297.54	301.64	294.18	294.3	52010900	-0.912427191	7.46	296.0085714		293.08
24/06/26	295.36	299.7	292.94	293.08	53081900	-0.414542983	6.76	296.2871429		275.15
25/06/26	287.4	288.8	273.75	275.15	107013700	-6.11778354	15.05	293.2485714	299.725	283.78
26/06/26	275	285.95	274.21	283.78	261775500	3.136471016	11.74	291.04	298.2885	281.74
29/06/26	286.73	288.37	279.85	281.74	66427000	-0.718866728	8.52	289.01	296.7725	289.36
30/06/26	281.17	289.94	280.7	289.36	65100200	2.704621282	9.24	287.7742857	295.925	294.38
01/07/26	293.44	296.59	289.2	294.38	50164200	1.734863146	7.39	287.3985714	294.884	308.63
02/07/26	294.12	309.42	293.68	308.63	75352800	4.840682112	15.74	289.4457143	294.8025	312.66
06/07/26	307.36	314.2	307	312.66	53590000	1.305770664	7.2	292.2428571	294.874	310.66
07/07/26	315.29	315.48	310.15	310.66	42490000	-0.639672488	5.33	297.3157143	295.04	313.39
08/07/26	311.91	314.82	307.05	313.39	41323500	0.878774223	7.77	301.5457143	295.6325	316.22
09/07/26	310.51	316.53	308.16	316.22	48124500	0.903028176	8.37	306.4714286	296.916	315.32
10/07/26	314.72	316.91	312.17	315.32	34132300	-0.284611979	4.74	310.18	298.103	317.31
13/07/26	317.02	323.45	315.78	317.31	43257800	0.631104909	7.67	313.4557143	299.187	314.86
14/07/26	313.76	316.19	311.91	314.86	36336800	-0.772115597	4.28	314.3457143	300.3735	327.5
15/07/26	317.62	328.73	317.32	327.5	60957600	4.014482627	11.41	316.4657143	301.9275	333.26
16/07/26	328.01	334.68	326.79	333.26	62970600	1.758778626	7.89	319.6942857	303.6285	333.74
17/07/26	331.98	334.99	329	333.74	63407100	0.144031687	5.99	322.6014286	305.518	326.59
20/07/26	333.51	333.71	323.68	326.59	53468000	-2.142386289	10.03	324.0828571	306.947	327.74
21/07/26	323.13	329.6	322.22	327.74	41338900	0.352123458	7.38	325.8571429	308.4835	325.89
22/07/26	327.87	329	323.34	325.89	38755900	-0.564471837	5.66	327.0828571	310.063	321.66
23/07/26	321.73	323.3	319.35	321.66	40840800	-1.297983982	3.95	328.0542857	311.492	333.02
24/07/26	321.79	334.37	321.62	333.02	47489400	3.531679413	12.75	328.8428571	314.3855	336.91
27/07/26	334.54	339.57	334.02	336.91	49604300	1.168098012	5.55	329.3642857	317.042	340.08
28/07/26	340.03	342.89	335.6	340.08	51859000	0.940904099	7.29	330.27	319.959	338.19
29/07/26	339.73	344.57	337.35	338.19	56090800	-0.555751588	7.22	331.9271429	322.4005	333.43
30/07/26	333.1	334.75	329.59	333.43	74817800	-1.407492829	5.16	332.74	324.353	308.91
31/07/26	304.81	310.69	300	308.91	132489100	-7.353867378	10.69	330.3142857	324.367	303.42
03/08/26	309.58	311.8	302.56	303.42	75052000	-1.777216665	9.24	327.7085714	323.905	309.38
04/08/26	302.73	310.42	301.32	309.38	68001000	1.964273944	9.1	324.3314286	323.841	311
05/08/26	309.36	311.71	305.67	311	49438800	0.523627901	6.04	320.63	323.7215	312.41
06/08/26	314.34	316.29	309.23	312.41	46139900	0.453376206	7.06	316.6771429	323.531	313.33
07/08/26	311.45	314.81	310.74	313.33	34437200	0.294484812	4.07	313.1257143	323.4315	308.26
10/08/26	306.83	308.26	304.61	308.26	44812500	-1.61810232	3.65	309.53	322.979	304.91
11/08/26	307.75	309.97	302.79	304.91	37476700	-1.086744956	7.18	308.9585714	322.4815	302.25
12/08/26	305.1	305.66	300.57	302.25	41657800	-0.872388574	5.09	308.7914286	321.219	305.26
13/08/26	304.21	306	302.05	305.26	40349300	0.995864351	3.95	308.2028571	319.819	305.93
14/08/26	306	307.49	304.3	305.93	28229400	0.219485029	3.19	307.4785714	318.4285	305.59
17/08/26	306.21	307.66	302.94	305.59	38169300	-0.111136535	4.72	306.5042857	317.3785	310.03
18/08/26	307.58	311.49	305.74	310.03	53424500	1.452927125	5.75	306.0328571	316.493	316.83
19/08/26	310.14	319.28	309.6	316.83	50505600	2.193336129	9.68	307.2571429	316.04	311.3
20/08/26	317.46	320.28	310.65	311.3	40959200	-1.745415523	9.63	308.17	315.522	309.35
21/08/26	312.05	312.38	307.01	309.35	46876800	-0.626405397	5.37	309.1842857	314.3385	310.34
24/08/26	311.47	313.36	309.97	310.34	34673600	0.320025861	3.39	309.91	313.01	309.9
25/08/26	310.79	313.59	308.21	309.9	25869800	-0.141779983	5.38	310.4771429	311.501	313.45
26/08/26	310.3	315.43	308.8	313.45	34024500	1.145530816	6.63	311.6	310.264	
